# Created by Octave 4.0.0, Tue Jan 12 10:54:31 2016 EST <val@val-arch>
# name: cf
# type: scalar
5


# name: f
# type: scalar
NaN


# name: init_new_figure
# type: bool
1


# name: nargs
# type: scalar
0


# name: varargin
# type: cell
# rows: 0
# columns: 0


